0.000000 0.000000 
0.100000 1.456745 
0.200000 2.806770 
0.300000 3.951175 
0.400000 4.806122 
0.500000 5.308980 
0.600000 5.422908 
0.700000 5.139562 
0.800000 4.479698 
0.900000 3.491658 
1.000000 2.247823 
1.100000 0.839316 
1.200000 -0.630679 
1.300000 -2.054470 
1.400000 -3.327754 
1.500000 -4.357251 
1.600000 -5.067542 
1.700000 -5.406591 
1.800000 -5.349561 
1.900000 -4.900629 
2.000000 -4.092684 
2.100000 -2.984914 
2.200000 -1.658473 
2.300000 -0.210535 
2.400000 1.252827 
2.500000 2.624408 
2.600000 3.803729 
2.700000 4.704393 
2.800000 5.260421 
2.900000 5.431076 
3.000000 5.203859 
3.100000 4.595413 
3.200000 3.650314 
3.300000 2.437798 
3.400000 1.046692 
3.500000 -0.421094 
3.600000 -1.858030 
3.700000 -3.158850 
3.800000 -4.228257 
3.900000 -4.987907 
4.000000 -5.382150 
4.100000 -5.382103 
4.200000 -4.987772 
4.300000 -4.228042 
4.400000 -3.158572 
4.500000 -1.857709 
4.600000 -0.420753 
4.700000 1.047027 
4.800000 2.438103 
4.900000 3.650567 
5.000000 4.595595 
5.100000 5.203956 
5.200000 5.431083 
5.300000 5.260335 
5.400000 4.704223 
5.500000 3.803485 
5.600000 2.624109 
5.700000 1.252495 
5.800000 -0.210876 
5.900000 -1.658798 
6.000000 -2.985199 
6.100000 -4.092908 
6.200000 -4.900776 
6.300000 -5.349620 
6.400000 -5.406558 
6.500000 -5.067419 
6.600000 -4.357047 
6.700000 -3.327484 
6.800000 -2.054154 
6.900000 -0.630340 
7.000000 0.839653 
7.100000 2.248134 
7.200000 3.491919 
7.300000 4.479891 
7.400000 5.139672 
7.500000 5.422928 
7.600000 5.308907 
7.700000 4.805963 
7.800000 3.950941 
7.900000 2.806478 
8.000000 1.456416 
8.100000 -0.000341 
8.200000 -1.457073 
8.300000 -2.807062 
8.400000 -3.951409 
8.500000 -4.806281 
8.600000 -5.309052 
8.700000 -5.422888 
8.800000 -5.139451 
8.900000 -4.479505 
9.000000 -3.491396 
9.100000 -2.247512 
9.200000 -0.838979 
9.300000 0.631018 
9.400000 2.054786 
9.500000 3.328024 
9.600000 4.357455 
9.700000 5.067665 
9.800000 5.406624 
9.900000 5.349502 
10.000000 4.900482 
